12;15;17;18;20;21;22;25;26;27;28;30;31;32;34;37;41
46;48;49;50;51;52;53;54;55;56;57;59;60;61;62;63;64;65
71;72;75;77;78;79;81;82;83;84;86
87;89;90;91;94;95;96;101;102;104;106;107;108;109;111;112;113;114;115
116;117;118;119;120;121;122;123;124;125;126;127;129;130;131;132;133;134;135;136;137
141;142;146;150;152;155;156;159
161;162;165;166;168;174;175;176;177;181;183;185
188;189;190;192;193;194;195;196;197;198;199;200;201;202;204;205;206;207;208;209;212;213;218;219;220;221;224
225;226;228;229;230;232;233;235;236;237;238;239;239(1);240
244;245;246;248;249;250;251;252;253;254;255;256
